# 연산자
# 산술연산자: +,-,*,/,%%,^,**
# 관계연산자: ==, !=, >, >=, <, <=
# 논리연산자: &, |, !, xor()

n1 <- 100
n2 <- 20

r1 <- n1+n2
r1

r2 <- n1-n2
r2

r3 <- n1*n2
r3

r4 <- n1/n2
r4

# 나머지
r5 <- n1%%n2
r5 # 0
r5 <- 10%%3
r5 # 1

r5 <- 10%%2.45
r5 # 0.4

# 제곱
r6 <- n1 ^ 2
r6 # 10000
r7 <- n1 ** 2
r7
